 time            v(tx_p)         v(ch_out_p)     v(ctle_outp)    v(vga_out)      v(final_out)   
 0.00000000e+00  8.99928667e-01  8.99912118e-01  1.26823885e+00 -6.34743956e-01  6.34724851e-01 
 1.00000000e-13  8.99991186e-01  8.99908427e-01  1.26823885e+00 -6.34743956e-01  6.34724851e-01 
 2.00000000e-13  9.00053395e-01  8.99904737e-01  1.26823885e+00 -6.34743956e-01  6.34724851e-01 
 4.00000000e-13  9.00177193e-01  8.99897357e-01  1.26823885e+00 -6.34743956e-01  6.34724851e-01 
 8.00000000e-13  9.00421115e-01  8.99830703e-01  1.26823885e+00 -6.34743956e-01  6.34724851e-01 
 1.60000000e-12  9.00894647e-01  8.99737483e-01  1.26823885e+00 -6.34743956e-01  6.34724851e-01 
 3.20000000e-12  9.01787470e-01  8.99710747e-01  1.26823885e+00 -6.34743956e-01  6.34724851e-01 
 6.40000000e-12  9.03379493e-01  8.99586419e-01  1.26823885e+00 -6.34743956e-01  6.34724851e-01 
 1.17985661e-11  9.05595655e-01  8.99905197e-01  1.26823885e+00 -6.34743956e-01  6.34724851e-01 
 1.94592112e-11  9.08070435e-01  9.00674986e-01  1.26823885e+00 -6.34743956e-01  6.34724850e-01 
 2.71679251e-11  9.10177413e-01  9.01003331e-01  1.26823885e+00 -6.34743955e-01  6.34724850e-01 
 3.71679251e-11  9.12941305e-01  9.01451788e-01  1.26823884e+00 -6.34743954e-01  6.34724849e-01 
 4.71679251e-11  9.16151957e-01  9.02327841e-01  1.26823884e+00 -6.34743952e-01  6.34724847e-01 
 5.71679251e-11  9.20021276e-01  9.02769771e-01  1.26823884e+00 -6.34743951e-01  6.34724845e-01 
 6.71679251e-11  9.24544575e-01  9.02711242e-01  1.26823884e+00 -6.34743949e-01  6.34724844e-01 
 7.71679251e-11  9.29581675e-01  9.02185859e-01  1.26823883e+00 -6.34743949e-01  6.34724843e-01 
 8.71679251e-11  9.34927563e-01  9.01318802e-01  1.26823883e+00 -6.34743949e-01  6.34724844e-01 
 9.71679251e-11  9.40365886e-01  9.00300505e-01  1.26823884e+00 -6.34743950e-01  6.34724845e-01 
 1.07167925e-10  9.45703760e-01  8.99347922e-01  1.26823884e+00 -6.34743952e-01  6.34724847e-01 
 1.17167925e-10  9.50789803e-01  8.98661227e-01  1.26823885e+00 -6.34743954e-01  6.34724849e-01 
 1.27167925e-10  9.55519102e-01  8.98384580e-01  1.26823885e+00 -6.34743957e-01  6.34724851e-01 
 1.37167925e-10  9.59829406e-01  8.98578635e-01  1.26823885e+00 -6.34743958e-01  6.34724853e-01 
 1.47167925e-10  9.63692491e-01  8.99210013e-01  1.26823885e+00 -6.34743959e-01  6.34724854e-01 
 1.57167925e-10  9.67103892e-01  9.00159521e-01  1.26823885e+00 -6.34743959e-01  6.34724853e-01 
 1.67167925e-10  9.70073178e-01  9.01247177e-01  1.26823885e+00 -6.34743957e-01  6.34724852e-01 
 1.77167925e-10  9.72616059e-01  9.02268793e-01  1.26823885e+00 -6.34743955e-01  6.34724850e-01 
 1.87167925e-10  9.74748820e-01  9.03036708e-01  1.26823884e+00 -6.34743953e-01  6.34724847e-01 
 1.97167925e-10  9.76485033e-01  9.03416545e-01  1.26823884e+00 -6.34743950e-01  6.34724845e-01 
 2.07167925e-10  9.77834180e-01  9.03352811e-01  1.26823883e+00 -6.34743948e-01  6.34724843e-01 
 2.17167925e-10  9.78801650e-01  9.02878478e-01  1.26823883e+00 -6.34743947e-01  6.34724842e-01 
 2.27167925e-10  9.79389604e-01  9.02106928e-01  1.26823883e+00 -6.34743947e-01  6.34724842e-01 
 2.37167925e-10  9.79598214e-01  9.01208167e-01  1.26823883e+00 -6.34743948e-01  6.34724843e-01 
 2.47167925e-10  9.79426969e-01  9.00374270e-01  1.26823884e+00 -6.34743950e-01  6.34724845e-01 
 2.57167925e-10  9.78875803e-01  8.99781072e-01  1.26823884e+00 -6.34743952e-01  6.34724847e-01 
 2.67167925e-10  9.77945946e-01  8.99553729e-01  1.26823884e+00 -6.34743954e-01  6.34724849e-01 
 2.77167925e-10  9.76640473e-01  8.99742890e-01  1.26823885e+00 -6.34743955e-01  6.34724850e-01 
 2.87167925e-10  9.74964570e-01  9.00315983e-01  1.26823885e+00 -6.34743956e-01  6.34724851e-01 
 2.97167925e-10  9.72925594e-01  9.01165097e-01  1.26823885e+00 -6.34743955e-01  6.34724850e-01 
 3.07167925e-10  9.70532973e-01  9.02129586e-01  1.26823885e+00 -6.34743954e-01  6.34724849e-01 
 3.17167925e-10  9.67798033e-01  9.03028707e-01  1.26823884e+00 -6.34743952e-01  6.34724847e-01 
 3.27167925e-10  9.64733781e-01  9.03697646e-01  1.26823884e+00 -6.34743950e-01  6.34724845e-01 
 3.37167925e-10  9.61354702e-01  9.04019778e-01  1.26823883e+00 -6.34743948e-01  6.34724843e-01 
 3.47167925e-10  9.57676569e-01  9.03948853e-01  1.26823883e+00 -6.34743947e-01  6.34724841e-01 
 3.57167925e-10  9.53716295e-01  9.03516899e-01  1.26823883e+00 -6.34743946e-01  6.34724841e-01 
 3.67167925e-10  9.49491812e-01  9.02826532e-01  1.26823883e+00 -6.34743946e-01  6.34724841e-01 
 3.77167925e-10  9.45021979e-01  9.02029469e-01  1.26823883e+00 -6.34743947e-01  6.34724842e-01 
 3.87167925e-10  9.40326503e-01  9.01295715e-01  1.26823883e+00 -6.34743948e-01  6.34724843e-01 
 3.97167925e-10  9.35425880e-01  9.00779678e-01  1.26823884e+00 -6.34743950e-01  6.34724845e-01 
 4.07167925e-10  9.30341330e-01  9.00589950e-01  1.26823884e+00 -6.34743952e-01  6.34724847e-01 
 4.17167925e-10  9.25094736e-01  9.00768667e-01  1.26823884e+00 -6.34743953e-01  6.34724848e-01 
 4.27167925e-10  9.19708572e-01  9.01284337e-01  1.26823884e+00 -6.34743953e-01  6.34724848e-01 
 4.37167925e-10  9.14205833e-01  9.02039340e-01  1.26823884e+00 -6.34743953e-01  6.34724848e-01 
 4.47167925e-10  9.08609947e-01  9.02890349e-01  1.26823884e+00 -6.34743952e-01  6.34724847e-01 
 4.57167925e-10  9.02944691e-01  9.03677417e-01  1.26823884e+00 -6.34743950e-01  6.34724845e-01 
 4.67167925e-10  8.97234097e-01  9.04255848e-01  1.26823883e+00 -6.34743949e-01  6.34724843e-01 
 4.77167925e-10  8.91502356e-01  9.04524492e-01  1.26823883e+00 -6.34743947e-01  6.34724842e-01 
 4.87167925e-10  8.85773718e-01  9.04444960e-01  1.26823883e+00 -6.34743945e-01  6.34724840e-01 
 4.97167925e-10  8.80072396e-01  9.04048109e-01  1.26823883e+00 -6.34743945e-01  6.34724840e-01 
 5.07167925e-10  8.74422466e-01  9.03426742e-01  1.26823883e+00 -6.34743945e-01  6.34724840e-01 
 5.17167925e-10  8.68847772e-01  9.02716209e-01  1.26823883e+00 -6.34743946e-01  6.34724840e-01 
 5.27167925e-10  8.63371827e-01  9.02066940e-01  1.26823883e+00 -6.34743947e-01  6.34724842e-01 
 5.37167925e-10  8.58017720e-01  9.01614486e-01  1.26823883e+00 -6.34743949e-01  6.34724843e-01 
 5.47167925e-10  8.52808028e-01  9.01453009e-01  1.26823884e+00 -6.34743950e-01  6.34724845e-01 
 5.57167925e-10  8.47764721e-01  9.01617413e-01  1.26823884e+00 -6.34743951e-01  6.34724846e-01 
 5.67167925e-10  8.42909079e-01  9.02077484e-01  1.26823884e+00 -6.34743952e-01  6.34724846e-01 
 5.77167925e-10  8.38261609e-01  9.02744983e-01  1.26823884e+00 -6.34743951e-01  6.34724846e-01 
 5.87167925e-10  8.33841960e-01  9.03492079e-01  1.26823884e+00 -6.34743950e-01  6.34724845e-01 
 5.97167925e-10  8.29668850e-01  9.04177274e-01  1.26823884e+00 -6.34743949e-01  6.34724844e-01 
 6.07167925e-10  8.25759991e-01  9.04673575e-01  1.26823883e+00 -6.34743947e-01  6.34724842e-01 
 6.17167925e-10  8.22132018e-01  9.04893317e-01  1.26823883e+00 -6.34743946e-01  6.34724841e-01 
 6.27167925e-10  8.18800424e-01  9.04804784e-01  1.26823883e+00 -6.34743945e-01  6.34724839e-01 
 6.37167925e-10  8.15779501e-01  9.04437500e-01  1.26823883e+00 -6.34743944e-01  6.34724839e-01 
 6.47167925e-10  8.13082279e-01  9.03875330e-01  1.26823883e+00 -6.34743944e-01  6.34724839e-01 
 6.57167925e-10  8.10720481e-01  9.03238983e-01  1.26823883e+00 -6.34743945e-01  6.34724840e-01 
 6.67167925e-10  8.08704470e-01  9.02661536e-01  1.26823883e+00 -6.34743946e-01  6.34724841e-01 
 6.77167925e-10  8.07043213e-01  9.02261944e-01  1.26823883e+00 -6.34743948e-01  6.34724843e-01 
 6.87167925e-10  8.05744244e-01  9.02121804e-01  1.26823884e+00 -6.34743949e-01  6.34724844e-01 
 6.97167925e-10  8.04813632e-01  9.02269892e-01  1.26823884e+00 -6.34743950e-01  6.34724845e-01 
 7.07167925e-10  8.04255963e-01  9.02677403e-01  1.26823884e+00 -6.34743950e-01  6.34724845e-01 
 7.17167925e-10  8.04074316e-01  9.03264640e-01  1.26823884e+00 -6.34743950e-01  6.34724845e-01 
 7.27167925e-10  8.04270256e-01  9.03917632e-01  1.26823884e+00 -6.34743949e-01  6.34724844e-01 
 7.37167925e-10  8.04843823e-01  9.04511238e-01  1.26823883e+00 -6.34743948e-01  6.34724843e-01 
 7.47167925e-10  8.05793536e-01  9.04934044e-01  1.26823883e+00 -6.34743947e-01  6.34724841e-01 
 7.57167925e-10  8.07116398e-01  9.05110125e-01  1.26823883e+00 -6.34743945e-01  6.34724840e-01 
 7.67167925e-10  8.08807908e-01  9.05013418e-01  1.26823883e+00 -6.34743944e-01  6.34724839e-01 
 7.77167925e-10  8.10862079e-01  9.04672001e-01  1.26823882e+00 -6.34743944e-01  6.34724839e-01 
 7.87167925e-10  8.13271460e-01  9.04161611e-01  1.26823882e+00 -6.34743944e-01  6.34724839e-01 
 7.97167925e-10  8.16027169e-01  9.03589864e-01  1.26823883e+00 -6.34743945e-01  6.34724840e-01 
 8.07167925e-10  8.19118929e-01  9.03074449e-01  1.26823883e+00 -6.34743946e-01  6.34724841e-01 
 8.17167925e-10  8.22535102e-01  9.02719728e-01  1.26823883e+00 -6.34743947e-01  6.34724842e-01 
 8.27167925e-10  8.26262745e-01  9.02596357e-01  1.26823883e+00 -6.34743948e-01  6.34724843e-01 
 8.37167925e-10  8.30287653e-01  9.02727929e-01  1.26823884e+00 -6.34743949e-01  6.34724844e-01 
 8.47167925e-10  8.34594420e-01  9.03087133e-01  1.26823884e+00 -6.34743950e-01  6.34724844e-01 
 8.57167925e-10  8.39166501e-01  9.03602038e-01  1.26823884e+00 -6.34743949e-01  6.34724844e-01 
 8.67167925e-10  8.43986273e-01  9.04171067e-01  1.26823883e+00 -6.34743949e-01  6.34724843e-01 
 8.77167925e-10  8.49035110e-01  9.04683574e-01  1.26823883e+00 -6.34743948e-01  6.34724842e-01 
 8.87167925e-10  8.54293454e-01  9.05041847e-01  1.26823883e+00 -6.34743946e-01  6.34724841e-01 
 8.97167925e-10  8.59740892e-01  9.05180177e-01  1.26823883e+00 -6.34743945e-01  6.34724840e-01 
 9.07167925e-10  8.65356242e-01  9.05077277e-01  1.26823883e+00 -6.34743944e-01  6.34724839e-01 
 9.17167925e-10  8.71117629e-01  9.04759715e-01  1.26823882e+00 -6.34743944e-01  6.34724839e-01 
 9.27167925e-10  8.77002581e-01  9.04295836e-01  1.26823883e+00 -6.34743944e-01  6.34724839e-01 
 9.37167925e-10  8.82988109e-01  9.03781550e-01  1.26823883e+00 -6.34743945e-01  6.34724840e-01 
 9.47167925e-10  8.89050805e-01  9.03320914e-01  1.26823883e+00 -6.34743946e-01  6.34724841e-01 
 9.57167925e-10  8.95166934e-01  9.03005448e-01  1.26823883e+00 -6.34743947e-01  6.34724842e-01 
 9.67167925e-10  9.01312524e-01  9.02896293e-01  1.26823883e+00 -6.34743948e-01  6.34724843e-01 
 9.77167925e-10  9.07463466e-01  9.03012663e-01  1.26823883e+00 -6.34743949e-01  6.34724844e-01 
 9.87167925e-10  9.13595605e-01  9.03328791e-01  1.26823884e+00 -6.34743949e-01  6.34724844e-01 
 9.97167925e-10  9.19684842e-01  9.03779794e-01  1.26823883e+00 -6.34743949e-01  6.34724844e-01 
 1.00716793e-09  9.25707223e-01  9.04275173e-01  1.26823883e+00 -6.34743948e-01  6.34724843e-01 
 1.01716793e-09  9.31639039e-01  9.04717125e-01  1.26823883e+00 -6.34743947e-01  6.34724842e-01 
 1.02716793e-09  9.37456919e-01  9.05019982e-01  1.26823883e+00 -6.34743946e-01  6.34724841e-01 
 1.03716793e-09  9.43137919e-01  9.05126919e-01  1.26823883e+00 -6.34743945e-01  6.34724840e-01 
 1.04716793e-09  9.48659620e-01  9.05020675e-01  1.26823883e+00 -6.34743944e-01  6.34724839e-01 
 1.05716793e-09  9.54000210e-01  9.04726272e-01  1.26823883e+00 -6.34743944e-01  6.34724839e-01 
 1.06716793e-09  9.59138577e-01  9.04305346e-01  1.26823883e+00 -6.34743944e-01  6.34724839e-01 
 1.07716793e-09  9.64054389e-01  9.03843342e-01  1.26823883e+00 -6.34743945e-01  6.34724840e-01 
 1.08716793e-09  9.68728173e-01  9.03432234e-01  1.26823883e+00 -6.34743946e-01  6.34724841e-01 
 1.09716793e-09  9.73141400e-01  9.03152257e-01  1.26823883e+00 -6.34743947e-01  6.34724842e-01 
 1.10716793e-09  9.77276549e-01  9.03056271e-01  1.26823883e+00 -6.34743948e-01  6.34724843e-01 
 1.11716793e-09  9.81117186e-01  9.03159806e-01  1.26823883e+00 -6.34743949e-01  6.34724843e-01 
 1.12716793e-09  9.84648021e-01  9.03438647e-01  1.26823883e+00 -6.34743949e-01  6.34724844e-01 
 1.13716793e-09  9.87854976e-01  9.03834310e-01  1.26823883e+00 -6.34743949e-01  6.34724843e-01 
 1.14716793e-09  9.90725237e-01  9.04266187e-01  1.26823883e+00 -6.34743948e-01  6.34724843e-01 
 1.15716793e-09  9.93247307e-01  9.04647850e-01  1.26823883e+00 -6.34743947e-01  6.34724842e-01 
 1.16716793e-09  9.95411049e-01  9.04904217e-01  1.26823883e+00 -6.34743946e-01  6.34724841e-01 
 1.17716793e-09  9.97207732e-01  9.04986185e-01  1.26823883e+00 -6.34743945e-01  6.34724840e-01 
 1.18716793e-09  9.98630062e-01  9.04879872e-01  1.26823883e+00 -6.34743945e-01  6.34724840e-01 
 1.19716793e-09  9.99672210e-01  9.04608749e-01  1.26823883e+00 -6.34743945e-01  6.34724839e-01 
 1.20716793e-09  1.00032984e+00  9.04228362e-01  1.26823883e+00 -6.34743945e-01  6.34724840e-01 
 1.21716793e-09  1.00060013e+00  9.03814810e-01  1.26823883e+00 -6.34743945e-01  6.34724840e-01 
 1.22716793e-09  1.00048176e+00  9.03449361e-01  1.26823883e+00 -6.34743946e-01  6.34724841e-01 
 1.23716793e-09  9.99974957e-01  9.03202328e-01  1.26823883e+00 -6.34743947e-01  6.34724842e-01 
 1.24716793e-09  9.99081465e-01  9.03119374e-01  1.26823883e+00 -6.34743948e-01  6.34724843e-01 
 1.25716793e-09  9.97804547e-01  9.03212933e-01  1.26823883e+00 -6.34743949e-01  6.34724843e-01 
 1.26716793e-09  9.96148974e-01  9.03460333e-01  1.26823883e+00 -6.34743949e-01  6.34724844e-01 
 1.27716793e-09  9.94121004e-01  9.03808887e-01  1.26823883e+00 -6.34743949e-01  6.34724843e-01 
 1.28716793e-09  9.91728362e-01  9.04186818e-01  1.26823883e+00 -6.34743948e-01  6.34724843e-01 
 1.29716793e-09  9.88980206e-01  9.04517771e-01  1.26823883e+00 -6.34743947e-01  6.34724842e-01 
 1.30716793e-09  9.85887096e-01  9.04735964e-01  1.26823883e+00 -6.34743947e-01  6.34724841e-01 
 1.31716793e-09  9.82460945e-01  9.04798996e-01  1.26823883e+00 -6.34743946e-01  6.34724841e-01 
 1.32716793e-09  9.78714982e-01  9.04695817e-01  1.26823883e+00 -6.34743945e-01  6.34724840e-01 
 1.33716793e-09  9.74663693e-01  9.04448365e-01  1.26823883e+00 -6.34743945e-01  6.34724840e-01 
 1.34716793e-09  9.70322768e-01  9.04106664e-01  1.26823883e+00 -6.34743945e-01  6.34724840e-01 
 1.35716793e-09  9.65709039e-01  9.03738462e-01  1.26823883e+00 -6.34743946e-01  6.34724841e-01 
 1.36716793e-09  9.60840412e-01  9.03415549e-01  1.26823883e+00 -6.34743947e-01  6.34724841e-01 
 1.37716793e-09  9.55735801e-01  9.03199515e-01  1.26823883e+00 -6.34743947e-01  6.34724842e-01 
 1.38716793e-09  9.50415047e-01  9.03129773e-01  1.26823883e+00 -6.34743948e-01  6.34724843e-01 
 1.39716793e-09  9.44898850e-01  9.03216163e-01  1.26823883e+00 -6.34743949e-01  6.34724843e-01 
 1.40716793e-09  9.39208677e-01  9.03437524e-01  1.26823883e+00 -6.34743949e-01  6.34724844e-01 
 1.41716793e-09  9.33366686e-01  9.03746420e-01  1.26823883e+00 -6.34743949e-01  6.34724843e-01 
 1.42716793e-09  9.27395634e-01  9.04078958e-01  1.26823883e+00 -6.34743948e-01  6.34724843e-01 
 1.43716793e-09  9.21318791e-01  9.04367695e-01  1.26823883e+00 -6.34743948e-01  6.34724842e-01 
 1.44716793e-09  9.15159845e-01  9.04555015e-01  1.26823883e+00 -6.34743947e-01  6.34724842e-01 
 1.45716793e-09  9.08942812e-01  9.04604339e-01  1.26823883e+00 -6.34743946e-01  6.34724841e-01 
 1.46716793e-09  9.02691941e-01  9.04506979e-01  1.26823883e+00 -6.34743946e-01  6.34724840e-01 
 1.47716793e-09  8.96431616e-01  9.04283371e-01  1.26823883e+00 -6.34743946e-01  6.34724840e-01 
 1.48716793e-09  8.90186265e-01  9.03978538e-01  1.26823883e+00 -6.34743946e-01  6.34724841e-01 
 1.49716793e-09  8.83980258e-01  9.03652774e-01  1.26823883e+00 -6.34743946e-01  6.34724841e-01 
 1.50716793e-09  8.77837815e-01  9.03369474e-01  1.26823883e+00 -6.34743947e-01  6.34724842e-01 
 1.51716793e-09  8.71782913e-01  9.03182568e-01  1.26823883e+00 -6.34743948e-01  6.34724842e-01 
 1.52716793e-09  8.65839184e-01  9.03126040e-01  1.26823883e+00 -6.34743948e-01  6.34724843e-01 
 1.53716793e-09  8.60029830e-01  9.03207564e-01  1.26823883e+00 -6.34743949e-01  6.34724843e-01 
 1.54716793e-09  8.54377526e-01  9.03407451e-01  1.26823883e+00 -6.34743949e-01  6.34724844e-01 
 1.55716793e-09  8.48904336e-01  9.03683012e-01  1.26823883e+00 -6.34743949e-01  6.34724843e-01 
 1.56716793e-09  8.43631619e-01  9.03977389e-01  1.26823883e+00 -6.34743948e-01  6.34724843e-01 
 1.57716793e-09  8.38579953e-01  9.04231028e-01  1.26823883e+00 -6.34743948e-01  6.34724842e-01 
 1.58716793e-09  8.33769049e-01  9.04393482e-01  1.26823883e+00 -6.34743947e-01  6.34724842e-01 
 1.59716793e-09  8.29217674e-01  9.04433220e-01  1.26823883e+00 -6.34743946e-01  6.34724841e-01 
 1.60716793e-09  8.24943577e-01  9.04343517e-01  1.26823883e+00 -6.34743946e-01  6.34724841e-01 
 1.61716793e-09  8.20963423e-01  9.04143359e-01  1.26823883e+00 -6.34743946e-01  6.34724841e-01 
 1.62716793e-09  8.17292720e-01  9.03873241e-01  1.26823883e+00 -6.34743946e-01  6.34724841e-01 
 1.63716793e-09  8.13945765e-01  9.03586803e-01  1.26823883e+00 -6.34743946e-01  6.34724841e-01 
 1.64716793e-09  8.10935584e-01  9.03340012e-01  1.26823883e+00 -6.34743947e-01  6.34724842e-01 
 1.65716793e-09  8.08273881e-01  9.03180070e-01  1.26823883e+00 -6.34743948e-01  6.34724842e-01 
 1.66716793e-09  8.05970995e-01  9.03136250e-01  1.26823883e+00 -6.34743948e-01  6.34724843e-01 
 1.67716793e-09  8.04035854e-01  9.03214429e-01  1.26823883e+00 -6.34743949e-01  6.34724843e-01 
 1.68716793e-09  8.02475944e-01  9.03396334e-01  1.26823883e+00 -6.34743949e-01  6.34724844e-01 
 1.69716793e-09  8.01297277e-01  9.03643570e-01  1.26823883e+00 -6.34743949e-01  6.34724843e-01 
 1.70716793e-09  8.00504370e-01  9.03905553e-01  1.26823883e+00 -6.34743948e-01  6.34724843e-01 
 1.71716793e-09  8.00100225e-01  9.04129707e-01  1.26823883e+00 -6.34743948e-01  6.34724842e-01 
 1.72716793e-09  8.00086318e-01  9.04271882e-01  1.26823883e+00 -6.34743947e-01  6.34724842e-01 
 1.73716793e-09  8.00462594e-01  9.04304920e-01  1.26823883e+00 -6.34743947e-01  6.34724841e-01 
 1.74716793e-09  8.01227465e-01  9.04223726e-01  1.26823883e+00 -6.34743946e-01  6.34724841e-01 
 1.75716793e-09  8.02377818e-01  9.04045887e-01  1.26823883e+00 -6.34743946e-01  6.34724841e-01 
 1.76716793e-09  8.03909027e-01  9.03807808e-01  1.26823883e+00 -6.34743946e-01  6.34724841e-01 
 1.77716793e-09  8.05814971e-01  9.03557196e-01  1.26823883e+00 -6.34743947e-01  6.34724841e-01 
 1.78716793e-09  8.08088060e-01  9.03343442e-01  1.26823883e+00 -6.34743947e-01  6.34724842e-01 
 1.79716793e-09  8.10719260e-01  9.03207844e-01  1.26823883e+00 -6.34743948e-01  6.34724842e-01 
 1.80716793e-09  8.13698134e-01  9.03175592e-01  1.26823883e+00 -6.34743948e-01  6.34724843e-01 
 1.81716793e-09  8.17012881e-01  9.03251076e-01  1.26823883e+00 -6.34743948e-01  6.34724843e-01 
 1.82716793e-09  8.20650382e-01  9.03417378e-01  1.26823883e+00 -6.34743948e-01  6.34724843e-01 
 1.83716793e-09  8.24596250e-01  9.03639985e-01  1.26823883e+00 -6.34743948e-01  6.34724843e-01 
 1.84716793e-09  8.28834893e-01  9.03873908e-01  1.26823883e+00 -6.34743948e-01  6.34724843e-01 
 1.85716793e-09  8.33349568e-01  9.04072745e-01  1.26823883e+00 -6.34743947e-01  6.34724842e-01 
 1.86716793e-09  8.38122450e-01  9.04197870e-01  1.26823883e+00 -6.34743947e-01  6.34724841e-01 
 1.87716793e-09  8.43134705e-01  9.04225917e-01  1.26823883e+00 -6.34743946e-01  6.34724841e-01 
 1.88716793e-09  8.48366560e-01  9.04153133e-01  1.26823883e+00 -6.34743946e-01  6.34724841e-01 
 1.89716793e-09  8.53797382e-01  9.03995774e-01  1.26823883e+00 -6.34743946e-01  6.34724840e-01 
 1.90716793e-09  8.59405761e-01  9.03786550e-01  1.26823883e+00 -6.34743946e-01  6.34724840e-01 
 1.91716793e-09  8.65169593e-01  9.03567875e-01  1.26823883e+00 -6.34743946e-01  6.34724841e-01 
 1.92716793e-09  8.71066166e-01  9.03383328e-01  1.26823883e+00 -6.34743946e-01  6.34724841e-01 
 1.93716793e-09  8.77072252e-01  9.03269027e-01  1.26823883e+00 -6.34743947e-01  6.34724841e-01 
 1.94716793e-09  8.83164196e-01  9.03246626e-01  1.26823883e+00 -6.34743947e-01  6.34724842e-01 
 1.95716793e-09  8.89318013e-01  9.03319290e-01  1.26823883e+00 -6.34743947e-01  6.34724842e-01 
 1.96716793e-09  8.95509477e-01  9.03471393e-01  1.26823883e+00 -6.34743947e-01  6.34724842e-01 
 1.97716793e-09  9.01714221e-01  9.03671929e-01  1.26823883e+00 -6.34743947e-01  6.34724842e-01 
 1.98716793e-09  9.07907830e-01  9.03880898e-01  1.26823883e+00 -6.34743946e-01  6.34724841e-01 
 1.99716793e-09  9.14065939e-01  9.04057358e-01  1.26823883e+00 -6.34743946e-01  6.34724840e-01 
 2.00716793e-09  9.20164328e-01  9.04167530e-01  1.26823883e+00 -6.34743945e-01  6.34724840e-01 
 2.01716793e-09  9.26179019e-01  9.04191332e-01  1.26823883e+00 -6.34743944e-01  6.34724839e-01 
 2.02716793e-09  9.32086369e-01  9.04126115e-01  1.26823882e+00 -6.34743944e-01  6.34724839e-01 
 2.03716793e-09  9.37863161e-01  9.03986872e-01  1.26823882e+00 -6.34743944e-01  6.34724838e-01 
 2.04716793e-09  9.43486700e-01  9.03802976e-01  1.26823882e+00 -6.34743943e-01  6.34724838e-01 
 2.05716793e-09  9.48934900e-01  9.03612128e-01  1.26823882e+00 -6.34743943e-01  6.34724838e-01 
 2.06716793e-09  9.54186369e-01  9.03452769e-01  1.26823882e+00 -6.34743943e-01  6.34724838e-01 
 2.07716793e-09  9.59220498e-01  9.03356471e-01  1.26823882e+00 -6.34743943e-01  6.34724838e-01 
 2.08716793e-09  9.64017537e-01  9.03341830e-01  1.26823882e+00 -6.34743943e-01  6.34724838e-01 
 2.09716793e-09  9.68558676e-01  9.03411013e-01  1.26823882e+00 -6.34743943e-01  6.34724838e-01 
 2.10716793e-09  9.72826118e-01  9.03549618e-01  1.26823882e+00 -6.34743943e-01  6.34724838e-01 
 2.11716793e-09  9.76803148e-01  9.03729802e-01  1.26823882e+00 -6.34743942e-01  6.34724837e-01 
 2.12716793e-09  9.80474201e-01  9.03916013e-01  1.26823882e+00 -6.34743941e-01  6.34724836e-01 
 2.13716793e-09  9.83824923e-01  9.04072140e-01  1.26823882e+00 -6.34743940e-01  6.34724835e-01 
 2.14716793e-09  9.86842222e-01  9.04168655e-01  1.26823882e+00 -6.34743939e-01  6.34724834e-01 
 2.15716793e-09  9.89514329e-01  9.04188320e-01  1.26823881e+00 -6.34743938e-01  6.34724833e-01 
 2.16716793e-09  9.91830837e-01  9.04129383e-01  1.26823881e+00 -6.34743937e-01  6.34724832e-01 
 2.17716793e-09  9.93782742e-01  9.04005650e-01  1.26823881e+00 -6.34743936e-01  6.34724831e-01 
 2.18716793e-09  9.95362483e-01  9.03843485e-01  1.26823881e+00 -6.34743935e-01  6.34724830e-01 
 2.19716793e-09  9.96563966e-01  9.03676391e-01  1.26823881e+00 -6.34743934e-01  6.34724829e-01 
 2.20716793e-09  9.97382595e-01  9.03538264e-01  1.26823880e+00 -6.34743934e-01  6.34724828e-01 
 2.21716793e-09  9.97815281e-01  9.03456698e-01  1.26823880e+00 -6.34743933e-01  6.34724828e-01 
 2.22716793e-09  9.97860460e-01  9.03447642e-01  1.26823880e+00 -6.34743932e-01  6.34724827e-01 
 2.23716793e-09  9.97518099e-01  9.03512455e-01  1.26823880e+00 -6.34743931e-01  6.34724825e-01 
 2.24716793e-09  9.96789692e-01  9.03637888e-01  1.26823880e+00 -6.34743929e-01  6.34724824e-01 
 2.25716793e-09  9.95678258e-01  9.03798954e-01  1.26823879e+00 -6.34743927e-01  6.34724822e-01 
 2.26716793e-09  9.94188327e-01  9.03964066e-01  1.26823879e+00 -6.34743925e-01  6.34724820e-01 
 2.27716793e-09  9.92325922e-01  9.04101382e-01  1.26823878e+00 -6.34743923e-01  6.34724818e-01 
 2.28716793e-09  9.90098533e-01  9.04185103e-01  1.26823878e+00 -6.34743920e-01  6.34724815e-01 
 2.29716793e-09  9.87515093e-01  9.04200452e-01  1.26823877e+00 -6.34743918e-01  6.34724813e-01 
 2.30716793e-09  9.84585936e-01  9.04146404e-01  1.26823877e+00 -6.34743915e-01  6.34724810e-01 
 2.31716793e-09  9.81322760e-01  9.04035647e-01  1.26823876e+00 -6.34743913e-01  6.34724807e-01 
 2.32716793e-09  9.77738580e-01  9.03891838e-01  1.26823876e+00 -6.34743910e-01  6.34724805e-01 
 2.33716793e-09  9.73847676e-01  9.03744739e-01  1.26823875e+00 -6.34743907e-01  6.34724802e-01 
 2.34716793e-09  9.69665535e-01  9.03624234e-01  1.26823874e+00 -6.34743904e-01  6.34724799e-01 
 2.35716793e-09  9.65208793e-01  9.03554429e-01  1.26823874e+00 -6.34743901e-01  6.34724795e-01 
 2.36716793e-09  9.60495168e-01  9.03548988e-01  1.26823873e+00 -6.34743897e-01  6.34724792e-01 
 2.37716793e-09  9.55543386e-01  9.03608619e-01  1.26823872e+00 -6.34743893e-01  6.34724788e-01 
 2.38716793e-09  9.50373113e-01  9.03721158e-01  1.26823871e+00 -6.34743889e-01  6.34724783e-01 
 2.39716793e-09  9.45004875e-01  9.03864194e-01  1.26823870e+00 -6.34743884e-01  6.34724779e-01 
 2.40716793e-09  9.39459974e-01  9.04009669e-01  1.26823869e+00 -6.34743878e-01  6.34724773e-01 
 2.41716793e-09  9.33760408e-01  9.04129519e-01  1.26823868e+00 -6.34743873e-01  6.34724767e-01 
 2.42716793e-09  9.27928782e-01  9.04201210e-01  1.26823867e+00 -6.34743866e-01  6.34724761e-01 
 2.43716793e-09  9.21988217e-01  9.04212095e-01  1.26823866e+00 -6.34743860e-01  6.34724754e-01 
 2.44716793e-09  9.15962264e-01  9.04161731e-01  1.26823864e+00 -6.34743853e-01  6.34724747e-01 
 2.45716793e-09  9.09874805e-01  9.04061763e-01  1.26823863e+00 -6.34743845e-01  6.34724740e-01 
 2.46716793e-09  9.03749961e-01  9.03933407e-01  1.26823861e+00 -6.34743837e-01  6.34724732e-01 
 2.47716793e-09  8.97611998e-01  9.03803095e-01  1.26823860e+00 -6.34743829e-01  6.34724724e-01 
 2.48716793e-09  8.91485229e-01  9.03697169e-01  1.26823858e+00 -6.34743820e-01  6.34724715e-01 
 2.49716793e-09  8.85393920e-01  9.03636678e-01  1.26823856e+00 -6.34743811e-01  6.34724706e-01 
 2.50716793e-09  8.79362193e-01  9.03633316e-01  1.26823854e+00 -6.34743801e-01  6.34724696e-01 
 2.51716793e-09  8.73413928e-01  9.03687272e-01  1.26823852e+00 -6.34743790e-01  6.34724685e-01 
 2.52716793e-09  8.67572676e-01  9.03787398e-01  1.26823849e+00 -6.34743778e-01  6.34724673e-01 
 2.53716793e-09  8.61861558e-01  9.03913601e-01  1.26823847e+00 -6.34743765e-01  6.34724660e-01 
 2.54716793e-09  8.56303180e-01  9.04040970e-01  1.26823844e+00 -6.34743751e-01  6.34724646e-01 
 2.55716793e-09  8.50919538e-01  9.04144776e-01  1.26823841e+00 -6.34743737e-01  6.34724631e-01 
 2.56716793e-09  8.45731936e-01  9.04205349e-01  1.26823838e+00 -6.34743721e-01  6.34724616e-01 
 2.57716793e-09  8.40760900e-01  9.04211877e-01  1.26823835e+00 -6.34743704e-01  6.34724599e-01 
 2.58716793e-09  8.36026097e-01  9.04164383e-01  1.26823831e+00 -6.34743686e-01  6.34724581e-01 
 2.59716793e-09  8.31546255e-01  9.04073536e-01  1.26823827e+00 -6.34743667e-01  6.34724562e-01 
 2.60716793e-09  8.27339095e-01  9.03958355e-01  1.26823823e+00 -6.34743647e-01  6.34724542e-01 
 2.61716793e-09  8.23421255e-01  9.03842311e-01  1.26823819e+00 -6.34743626e-01  6.34724521e-01 
 2.62716793e-09  8.19808228e-01  9.03748615e-01  1.26823814e+00 -6.34743603e-01  6.34724498e-01 
 2.63716793e-09  8.16514299e-01  9.03695641e-01  1.26823810e+00 -6.34743579e-01  6.34724474e-01 
 2.64716793e-09  8.13552489e-01  9.03693382e-01  1.26823804e+00 -6.34743554e-01  6.34724448e-01 
 2.65716793e-09  8.10934506e-01  9.03741620e-01  1.26823799e+00 -6.34743526e-01  6.34724421e-01 
 2.66716793e-09  8.08670694e-01  9.03830153e-01  1.26823793e+00 -6.34743497e-01  6.34724391e-01 
 2.67716793e-09  8.06769996e-01  9.03940978e-01  1.26823787e+00 -6.34743465e-01  6.34724360e-01 
 2.68716793e-09  8.05239919e-01  9.04051981e-01  1.26823780e+00 -6.34743432e-01  6.34724327e-01 
 2.69716793e-09  8.04086501e-01  9.04141380e-01  1.26823773e+00 -6.34743396e-01  6.34724291e-01 
 2.70716793e-09  8.03314291e-01  9.04192014e-01  1.26823765e+00 -6.34743358e-01  6.34724253e-01 
 2.71716793e-09  8.02926329e-01  9.04194653e-01  1.26823757e+00 -6.34743318e-01  6.34724213e-01 
 2.72716793e-09  8.02924134e-01  9.04149686e-01  1.26823749e+00 -6.34743275e-01  6.34724170e-01 
 2.73716793e-09  8.03307699e-01  9.04066872e-01  1.26823740e+00 -6.34743230e-01  6.34724125e-01 
 2.74716793e-09  8.04075491e-01  9.03963253e-01  1.26823730e+00 -6.34743182e-01  6.34724077e-01 
 2.75716793e-09  8.05224455e-01  9.03859666e-01  1.26823720e+00 -6.34743132e-01  6.34724027e-01 
 2.76716793e-09  8.06750032e-01  9.03776557e-01  1.26823709e+00 -6.34743078e-01  6.34723973e-01 
 2.77716793e-09  8.08646167e-01  9.03729957e-01  1.26823698e+00 -6.34743021e-01  6.34723916e-01 
 2.78716793e-09  8.10905345e-01  9.03728393e-01  1.26823686e+00 -6.34742961e-01  6.34723856e-01 
 2.79716793e-09  8.13518611e-01  9.03771333e-01  1.26823673e+00 -6.34742897e-01  6.34723791e-01 
 2.80716793e-09  8.16475610e-01  9.03849453e-01  1.26823660e+00 -6.34742829e-01  6.34723723e-01 
 2.81716793e-09  8.19764628e-01  9.03946629e-01  1.26823645e+00 -6.34742756e-01  6.34723651e-01 
 2.82716793e-09  8.23372637e-01  9.04043237e-01  1.26823630e+00 -6.34742680e-01  6.34723575e-01 
 2.83716793e-09  8.27285346e-01  9.04120096e-01  1.26823614e+00 -6.34742599e-01  6.34723494e-01 
 2.84716793e-09  8.31487259e-01  9.04162240e-01  1.26823597e+00 -6.34742513e-01  6.34723408e-01 
 2.85716793e-09  8.35961738e-01  9.04161804e-01  1.26823578e+00 -6.34742422e-01  6.34723317e-01 
 2.86716793e-09  8.40691063e-01  9.04119455e-01  1.26823559e+00 -6.34742327e-01  6.34723222e-01 
 2.87716793e-09  8.45656509e-01  9.04044109e-01  1.26823539e+00 -6.34742226e-01  6.34723120e-01 
 2.88716793e-09  8.50838413e-01  9.03951031e-01  1.26823518e+00 -6.34742119e-01  6.34723014e-01 
 2.89716793e-09  8.56216258e-01  9.03858711e-01  1.26823495e+00 -6.34742006e-01  6.34722901e-01 
 2.90716793e-09  8.61768751e-01  9.03785155e-01  1.26823471e+00 -6.34741887e-01  6.34722782e-01 
 2.91716793e-09  8.67473906e-01  9.03744345e-01  1.26823446e+00 -6.34741761e-01  6.34722656e-01 
 2.92716793e-09  8.73309136e-01  9.03743543e-01  1.26823420e+00 -6.34741629e-01  6.34722523e-01 
 2.93716793e-09  8.79251335e-01  9.03781978e-01  1.26823392e+00 -6.34741488e-01  6.34722383e-01 
 2.94716793e-09  8.85276975e-01  9.03851140e-01  1.26823362e+00 -6.34741340e-01  6.34722235e-01 
 2.95716793e-09  8.91362196e-01  9.03936593e-01  1.26823331e+00 -6.34741184e-01  6.34722079e-01 
 2.96716793e-09  8.97482904e-01  9.04020930e-01  1.26823298e+00 -6.34741020e-01  6.34721914e-01 
 2.97716793e-09  9.03614860e-01  9.04087261e-01  1.26823263e+00 -6.34740846e-01  6.34721741e-01 
 2.98716793e-09  9.09733781e-01  9.04122543e-01  1.26823227e+00 -6.34740663e-01  6.34721558e-01 
 2.99716793e-09  9.15815435e-01  9.04120085e-01  1.26823188e+00 -6.34740470e-01  6.34721365e-01 
 3.00716793e-09  9.21835736e-01  9.04080760e-01  1.26823148e+00 -6.34740267e-01  6.34721162e-01 
 3.01716793e-09  9.27770838e-01  9.04012706e-01  1.26823105e+00 -6.34740054e-01  6.34720949e-01 
 3.02716793e-09  9.33597232e-01  9.03929587e-01  1.26823060e+00 -6.34739829e-01  6.34720724e-01 
 3.03716793e-09  9.39291836e-01  9.03847807e-01  1.26823013e+00 -6.34739593e-01  6.34720488e-01 
 3.04716793e-09  9.44832090e-01  9.03783218e-01  1.26822964e+00 -6.34739345e-01  6.34720240e-01 
 3.05716793e-09  9.50196040e-01  9.03748006e-01  1.26822911e+00 -6.34739083e-01  6.34719978e-01 
 3.06716793e-09  9.55362430e-01  9.03748346e-01  1.26822856e+00 -6.34738809e-01  6.34719704e-01 
 3.07716793e-09  9.60310783e-01  9.03783292e-01  1.26822799e+00 -6.34738520e-01  6.34719415e-01 
 3.08716793e-09  9.65021482e-01  9.03845083e-01  1.26822738e+00 -6.34738216e-01  6.34719111e-01 
 3.09716793e-09  9.69475848e-01  9.03920801e-01  1.26822674e+00 -6.34737897e-01  6.34718792e-01 
 3.10716793e-09  9.73656216e-01  9.03995007e-01  1.26822607e+00 -6.34737562e-01  6.34718457e-01 
 3.11716793e-09  9.77545999e-01  9.04052836e-01  1.26822537e+00 -6.34737210e-01  6.34718105e-01 
 3.12716793e-09  9.81129762e-01  9.04082923e-01  1.26822463e+00 -6.34736841e-01  6.34717736e-01 
 3.13716793e-09  9.84393275e-01  9.04079586e-01  1.26822386e+00 -6.34736453e-01  6.34717348e-01 
 3.14716793e-09  9.87323575e-01  9.04043849e-01  1.26822305e+00 -6.34736047e-01  6.34716942e-01 
 3.15716793e-09  9.89909013e-01  9.03983127e-01  1.26822219e+00 -6.34735621e-01  6.34716516e-01 
 3.16716793e-09  9.92139303e-01  9.03909648e-01  1.26822130e+00 -6.34735174e-01  6.34716069e-01 
 3.17716793e-09  9.94005563e-01  9.03837959e-01  1.26822037e+00 -6.34734706e-01  6.34715601e-01 
 3.18716793e-09  9.95500347e-01  9.03782012e-01  1.26821939e+00 -6.34734215e-01  6.34715110e-01 
 3.19716793e-09  9.96617678e-01  9.03752421e-01  1.26821836e+00 -6.34733701e-01  6.34714596e-01 
 3.20716793e-09  9.97353068e-01  9.03754428e-01  1.26821728e+00 -6.34733162e-01  6.34714058e-01 
 3.21716793e-09  9.97703541e-01  9.03786959e-01  1.26821616e+00 -6.34732598e-01  6.34713494e-01 
 3.22716793e-09  9.97667639e-01  9.03842948e-01  1.26821498e+00 -6.34732008e-01  6.34712903e-01 
 3.23716793e-09  9.97245432e-01  9.03910836e-01  1.26821374e+00 -6.34731390e-01  6.34712285e-01 
 3.24716793e-09  9.96438518e-01  9.03976936e-01  1.26821245e+00 -6.34730743e-01  6.34711638e-01 
 3.25716793e-09  9.95250011e-01  9.04028166e-01  1.26821110e+00 -6.34730067e-01  6.34710962e-01 
 3.26716793e-09  9.93684538e-01  9.04054630e-01  1.26820968e+00 -6.34729359e-01  6.34710254e-01 
 3.27716793e-09  9.91748211e-01  9.04051510e-01  1.26820821e+00 -6.34728620e-01  6.34709515e-01 
 3.28716793e-09  9.89448612e-01  9.04019936e-01  1.26820666e+00 -6.34727846e-01  6.34708742e-01 
 3.29716793e-09  9.86794756e-01  9.03966655e-01  1.26820505e+00 -6.34727039e-01  6.34707934e-01 
 3.30716793e-09  9.83797061e-01  9.03902604e-01  1.26820336e+00 -6.34726195e-01  6.34707090e-01 
 3.31716793e-09  9.80467302e-01  9.03840681e-01  1.26820160e+00 -6.34725314e-01  6.34706209e-01 
 3.32716793e-09  9.76818567e-01  9.03793160e-01  1.26819976e+00 -6.34724393e-01  6.34705289e-01 
 3.33716793e-09  9.72865209e-01  9.03769283e-01  1.26819784e+00 -6.34723433e-01  6.34704328e-01 
 3.34716793e-09  9.68622780e-01  9.03773488e-01  1.26819584e+00 -6.34722430e-01  6.34703325e-01 
 3.35716793e-09  9.64107981e-01  9.03804616e-01  1.26819375e+00 -6.34721383e-01  6.34702279e-01 
 3.36716793e-09  9.59338587e-01  9.03856241e-01  1.26819157e+00 -6.34720292e-01  6.34701187e-01 
 3.37716793e-09  9.54333382e-01  9.03918025e-01  1.26818929e+00 -6.34719153e-01  6.34700048e-01 
 3.38716793e-09  9.49112082e-01  9.03977834e-01  1.26818692e+00 -6.34717965e-01  6.34698861e-01 
 3.39716793e-09  9.43695261e-01  9.04024163e-01  1.26818445e+00 -6.34716728e-01  6.34697623e-01 
 3.40716793e-09  9.38104266e-01  9.04048395e-01  1.26818187e+00 -6.34715438e-01  6.34696333e-01 
 3.41716793e-09  9.32361132e-01  9.04046458e-01  1.26817918e+00 -6.34714093e-01  6.34694989e-01 
 3.42716793e-09  9.26488502e-01  9.04019544e-01  1.26817639e+00 -6.34712693e-01  6.34693589e-01 
 3.43716793e-09  9.20509529e-01  9.03973790e-01  1.26817347e+00 -6.34711235e-01  6.34692131e-01 
 3.44716793e-09  9.14447790e-01  9.03918974e-01  1.26817044e+00 -6.34709717e-01  6.34690613e-01 
 3.45716793e-09  9.08327191e-01  9.03866525e-01  1.26816728e+00 -6.34708137e-01  6.34689033e-01 
 3.46716793e-09  9.02171875e-01  9.03827241e-01  1.26816400e+00 -6.34706493e-01  6.34687389e-01 
 3.47716793e-09  8.96006122e-01  9.03809164e-01  1.26816058e+00 -6.34704782e-01  6.34685678e-01 
 3.48716793e-09  8.89854258e-01  9.03816043e-01  1.26815702e+00 -6.34703002e-01  6.34683898e-01 
 3.49716793e-09  8.83740556e-01  9.03846669e-01  1.26815332e+00 -6.34701151e-01  6.34682047e-01 
 3.50716793e-09  8.77689142e-01  9.03895202e-01  1.26814948e+00 -6.34699226e-01  6.34680122e-01 
 3.51716793e-09  8.71723899e-01  9.03952402e-01  1.26814548e+00 -6.34697225e-01  6.34678121e-01 
 3.52716793e-09  8.65868371e-01  9.04007516e-01  1.26814132e+00 -6.34695145e-01  6.34676042e-01 
 3.53716793e-09  8.60145675e-01  9.04050424e-01  1.26813701e+00 -6.34692984e-01  6.34673881e-01 
 3.54716793e-09  8.54578403e-01  9.04073634e-01  1.26813252e+00 -6.34690740e-01  6.34671636e-01 
 3.55716793e-09  8.49188538e-01  9.04073707e-01  1.26812786e+00 -6.34688409e-01  6.34669305e-01 
 3.56716793e-09  8.43997367e-01  9.04051872e-01  1.26812303e+00 -6.34685988e-01  6.34666885e-01 
 3.57716793e-09  8.39025392e-01  9.04013703e-01  1.26811801e+00 -6.34683476e-01  6.34664372e-01 
 3.58716793e-09  8.34292255e-01  9.03967938e-01  1.26811280e+00 -6.34680868e-01  6.34661765e-01 
 3.59716793e-09  8.29816657e-01  9.03924707e-01  1.26810739e+00 -6.34678163e-01  6.34659059e-01 
 3.60716793e-09  8.25616286e-01  9.03893502e-01  1.26810178e+00 -6.34675356e-01  6.34656253e-01 
 3.61716793e-09  8.21707745e-01  9.03881318e-01  1.26809597e+00 -6.34672445e-01  6.34653342e-01 
 3.62716793e-09  8.18106489e-01  9.03891316e-01  1.26808994e+00 -6.34669427e-01  6.34650324e-01 
 3.63716793e-09  8.14826761e-01  9.03922265e-01  1.26808368e+00 -6.34666297e-01  6.34647194e-01 
 3.64716793e-09  8.11881538e-01  9.03968863e-01  1.26807720e+00 -6.34663054e-01  6.34643951e-01 
 3.65716793e-09  8.09282480e-01  9.04022854e-01  1.26807049e+00 -6.34659692e-01  6.34640590e-01 
 3.66716793e-09  8.07039882e-01  9.04074711e-01  1.26806353e+00 -6.34656210e-01  6.34637107e-01 
 3.67716793e-09  8.05162634e-01  9.04115542e-01  1.26805632e+00 -6.34652603e-01  6.34633501e-01 
 3.68716793e-09  8.03658186e-01  9.04138829e-01  1.26804886e+00 -6.34648868e-01  6.34629765e-01 
 3.69716793e-09  8.02532521e-01  9.04141681e-01  1.26804113e+00 -6.34645001e-01  6.34625898e-01 
 3.70716793e-09  8.01790125e-01  9.04125339e-01  1.26803314e+00 -6.34640998e-01  6.34621896e-01 
 3.71716793e-09  8.01433976e-01  9.04094860e-01  1.26802486e+00 -6.34636856e-01  6.34617754e-01 
 3.72716793e-09  8.01465529e-01  9.04058054e-01  1.26801630e+00 -6.34632570e-01  6.34613468e-01 
 3.73716793e-09  8.01884710e-01  9.04023892e-01  1.26800744e+00 -6.34628137e-01  6.34609035e-01 
 3.74716793e-09  8.02689916e-01  9.04000721e-01  1.26799828e+00 -6.34623552e-01  6.34604450e-01 
 3.75716793e-09  8.03878023e-01  9.03994622e-01  1.26798881e+00 -6.34618811e-01  6.34599710e-01 
 3.76716793e-09  8.05444398e-01  9.04008252e-01  1.26797901e+00 -6.34613911e-01  6.34594809e-01 
 3.77716793e-09  8.07382914e-01  9.04040381e-01  1.26796889e+00 -6.34608845e-01  6.34589744e-01 
 3.78716793e-09  8.09685979e-01  9.04086200e-01  1.26795844e+00 -6.34603611e-01  6.34584510e-01 
 3.79716793e-09  8.12344561e-01  9.04138338e-01  1.26794763e+00 -6.34598204e-01  6.34579103e-01 
 3.80716793e-09  8.15348228e-01  9.04188358e-01  1.26793647e+00 -6.34592618e-01  6.34573518e-01 
 3.81716793e-09  8.18685186e-01  9.04228446e-01  1.26792495e+00 -6.34586850e-01  6.34567750e-01 
 3.82716793e-09  8.22342327e-01  9.04252941e-01  1.26791305e+00 -6.34580895e-01  6.34561795e-01 
 3.83716793e-09  8.26305280e-01  9.04259417e-01  1.26790077e+00 -6.34574748e-01  6.34555648e-01 
 3.84716793e-09  8.30558466e-01  9.04249109e-01  1.26788809e+00 -6.34568405e-01  6.34549305e-01 
 3.85716793e-09  8.35085165e-01  9.04226604e-01  1.26787502e+00 -6.34561860e-01  6.34542760e-01 
 3.86716793e-09  8.39867573e-01  9.04198876e-01  1.26786153e+00 -6.34555109e-01  6.34536009e-01 
 3.87716793e-09  8.44886882e-01  9.04173874e-01  1.26784761e+00 -6.34548146e-01  6.34529046e-01 
 3.88716793e-09  8.50123347e-01  9.04158933e-01  1.26783327e+00 -6.34540966e-01  6.34521867e-01 
 3.89716793e-09  8.55556366e-01  9.04159338e-01  1.26781848e+00 -6.34533564e-01  6.34514465e-01 
 3.90716793e-09  8.61164562e-01  9.04177318e-01  1.26780324e+00 -6.34525935e-01  6.34506836e-01 
 3.91716793e-09  8.66925866e-01  9.04211660e-01  1.26778753e+00 -6.34518073e-01  6.34498974e-01 
 3.92716793e-09  8.72817607e-01  9.04258009e-01  1.26777134e+00 -6.34509972e-01  6.34490874e-01 
 3.93716793e-09  8.78816595e-01  9.04309785e-01  1.26775467e+00 -6.34501628e-01  6.34482530e-01 
 3.94716793e-09  8.84899221e-01  9.04359519e-01  1.26773750e+00 -6.34493035e-01  6.34473937e-01 
 3.95716793e-09  8.91041542e-01  9.04400349e-01  1.26771982e+00 -6.34484187e-01  6.34465089e-01 
 3.96716793e-09  8.97219382e-01  9.04427361e-01  1.26770162e+00 -6.34475078e-01  6.34455981e-01 
 3.97716793e-09  9.03408422e-01  9.04438530e-01  1.26768289e+00 -6.34465704e-01  6.34446607e-01 
 3.98716793e-09  9.09584299e-01  9.04435067e-01  1.26766362e+00 -6.34456057e-01  6.34436961e-01 
 3.99716793e-09  9.15722702e-01  9.04421128e-01  1.26764379e+00 -6.34446134e-01  6.34427037e-01 
 4.00716793e-09  9.21799467e-01  9.04402945e-01  1.26762340e+00 -6.34435926e-01  6.34416831e-01 
 4.01716793e-09  9.27790671e-01  9.04387556e-01  1.26760242e+00 -6.34425430e-01  6.34406334e-01 
 4.02716793e-09  9.33672731e-01  9.04381407e-01  1.26758086e+00 -6.34414638e-01  6.34395543e-01 
 4.03716793e-09  9.39422490e-01  9.04389088e-01  1.26755870e+00 -6.34403544e-01  6.34384449e-01 
 4.04716793e-09  9.45017316e-01  9.04412464e-01  1.26753591e+00 -6.34392143e-01  6.34373048e-01 
 4.05716793e-09  9.50435184e-01  9.04450354e-01  1.26751251e+00 -6.34380427e-01  6.34361333e-01 
 4.06716793e-09  9.55654769e-01  9.04498816e-01  1.26748846e+00 -6.34368391e-01  6.34349297e-01 
 4.07716793e-09  9.60655526e-01  9.04551980e-01  1.26746376e+00 -6.34356029e-01  6.34336935e-01 
 4.08716793e-09  9.65417773e-01  9.04603237e-01  1.26743839e+00 -6.34343333e-01  6.34324240e-01 
 4.09716793e-09  9.69922766e-01  9.04646563e-01  1.26741235e+00 -6.34330299e-01  6.34311206e-01 
 4.10716793e-09  9.74152779e-01  9.04677697e-01  1.26738562e+00 -6.34316920e-01  6.34297827e-01 
 4.11716793e-09  9.78091167e-01  9.04694951e-01  1.26735818e+00 -6.34303189e-01  6.34284097e-01 
 4.12716793e-09  9.81722434e-01  9.04699506e-01  1.26733003e+00 -6.34289101e-01  6.34270009e-01 
 4.13716793e-09  9.85032296e-01  9.04695126e-01  1.26730116e+00 -6.34274649e-01  6.34255558e-01 
 4.14716793e-09  9.88007737e-01  9.04687374e-01  1.26727154e+00 -6.34259826e-01  6.34240735e-01 
 4.15716793e-09  9.90637058e-01  9.04682482e-01  1.26724117e+00 -6.34244627e-01  6.34225536e-01 
 4.16716793e-09  9.92909923e-01  9.04686112e-01  1.26721004e+00 -6.34229044e-01  6.34209954e-01 
 4.17716793e-09  9.94817403e-01  9.04702252e-01  1.26717812e+00 -6.34213071e-01  6.34193982e-01 
 4.18716793e-09  9.96352010e-01  9.04732454e-01  1.26714542e+00 -6.34196702e-01  6.34177613e-01 
 4.19716793e-09  9.97507725e-01  9.04775577e-01  1.26711190e+00 -6.34179929e-01  6.34160841e-01 
 4.20716793e-09  9.98280022e-01  9.04828059e-01  1.26707757e+00 -6.34162747e-01  6.34143659e-01 
 4.21716793e-09  9.98665887e-01  9.04884664e-01  1.26704241e+00 -6.34145149e-01  6.34126062e-01 
 4.22716793e-09  9.98663831e-01  9.04939546e-01  1.26700641e+00 -6.34127129e-01  6.34108042e-01 
 4.23716793e-09  9.98273892e-01  9.04987419e-01  1.26696955e+00 -6.34108680e-01  6.34089594e-01 
 4.24716793e-09  9.97497637e-01  9.05024587e-01  1.26693182e+00 -6.34089796e-01  6.34070710e-01 
 4.25716793e-09  9.96338159e-01  9.05049654e-01  1.26689320e+00 -6.34070471e-01  6.34051386e-01 
 4.26716793e-09  9.94800058e-01  9.05063758e-01  1.26685370e+00 -6.34050700e-01  6.34031615e-01 
 4.27716793e-09  9.92889428e-01  9.05070306e-01  1.26681329e+00 -6.34030475e-01  6.34011391e-01 
 4.28716793e-09  9.90613833e-01  9.05074260e-01  1.26677196e+00 -6.34009790e-01  6.33990707e-01 
 4.29716793e-09  9.87982273e-01  9.05081138e-01  1.26672970e+00 -6.33988640e-01  6.33969557e-01 
 4.30716793e-09  9.85005153e-01  9.05095913e-01  1.26668650e+00 -6.33967018e-01  6.33947936e-01 
 4.31716793e-09  9.81694239e-01  9.05122042e-01  1.26664234e+00 -6.33944917e-01  6.33925836e-01 
 4.32716793e-09  9.78062614e-01  9.05160816e-01  1.26659722e+00 -6.33922332e-01  6.33903252e-01 
 4.33716793e-09  9.74124623e-01  9.05211139e-01  1.26655111e+00 -6.33899257e-01  6.33880177e-01 
 4.34716793e-09  9.69895820e-01  9.05269792e-01  1.26650402e+00 -6.33875686e-01  6.33856607e-01 
 4.35716793e-09  9.65392906e-01  9.05332107e-01  1.26645592e+00 -6.33851612e-01  6.33832534e-01 
 4.36716793e-09  9.60633659e-01  9.05392913e-01  1.26640680e+00 -6.33827031e-01  6.33807953e-01 
 4.37716793e-09  9.55636871e-01  9.05447571e-01  1.26635666e+00 -6.33801937e-01  6.33782860e-01 
 4.38716793e-09  9.50422266e-01  9.05492880e-01  1.26630549e+00 -6.33776324e-01  6.33757248e-01 
 4.39716793e-09  9.45010430e-01  9.05527688e-01  1.26625327e+00 -6.33750189e-01  6.33731113e-01 
 4.40716793e-09  9.39422722e-01  9.05553082e-01  1.26619999e+00 -6.33723524e-01  6.33704450e-01 
 4.41716793e-09  9.33681197e-01  9.05572141e-01  1.26614565e+00 -6.33696327e-01  6.33677253e-01 
 4.42716793e-09  9.27808515e-01  9.05589293e-01  1.26609023e+00 -6.33668591e-01  6.33649518e-01 
 4.43716793e-09  9.21827850e-01  9.05609418e-01  1.26603373e+00 -6.33640312e-01  6.33621240e-01 
 4.44716793e-09  9.15762803e-01  9.05636880e-01  1.26597613e+00 -6.33611484e-01  6.33592413e-01 
 4.45716793e-09  9.09637307e-01  9.05674676e-01  1.26591743e+00 -6.33582104e-01  6.33563033e-01 
 4.46716793e-09  9.03475532e-01  9.05723868e-01  1.26585761e+00 -6.33552165e-01  6.33533096e-01 
 4.47716793e-09  8.97301788e-01  9.05783413e-01  1.26579667e+00 -6.33521665e-01  6.33502597e-01 
 4.48716793e-09  8.91140435e-01  9.05850403e-01  1.26573460e+00 -6.33490599e-01  6.33471531e-01 
 4.49716793e-09  8.85015779e-01  9.05920672e-01  1.26567139e+00 -6.33458962e-01  6.33439896e-01 
 4.50716793e-09  8.78951983e-01  9.05989648e-01  1.26560703e+00 -6.33426752e-01  6.33407686e-01 
 4.51716793e-09  8.72972968e-01  9.06053260e-01  1.26554152e+00 -6.33393965e-01  6.33374900e-01 
 4.52716793e-09  8.67102320e-01  9.06108734e-01  1.26547485e+00 -6.33360598e-01  6.33341534e-01 
 4.53716793e-09  8.61363196e-01  9.06155121e-01  1.26540702e+00 -6.33326648e-01  6.33307585e-01 
 4.54716793e-09  8.55778233e-01  9.06193456e-01  1.26533802e+00 -6.33292112e-01  6.33273051e-01 
 4.55716793e-09  8.50369459e-01  9.06226515e-01  1.26526784e+00 -6.33256989e-01  6.33237929e-01 
 4.56716793e-09  8.45158208e-01  9.06258244e-01  1.26519648e+00 -6.33221275e-01  6.33202216e-01 
 4.57716793e-09  8.40165031e-01  9.06292957e-01  1.26512394e+00 -6.33184969e-01  6.33165910e-01 
 4.58716793e-09  8.35409619e-01  9.06334479e-01  1.26505021e+00 -6.33148067e-01  6.33129010e-01 
 4.59716793e-09  8.30910725e-01  9.06385404e-01  1.26497529e+00 -6.33110569e-01  6.33091513e-01 
 4.60716793e-09  8.26686089e-01  9.06446601e-01  1.26489917e+00 -6.33072472e-01  6.33053417e-01 
 4.61716793e-09  8.22752368e-01  9.06517075e-01  1.26482185e+00 -6.33033774e-01  6.33014721e-01 
 4.62716793e-09  8.19125071e-01  9.06594198e-01  1.26474333e+00 -6.32994476e-01  6.32975423e-01 
 4.63716793e-09  8.15818497e-01  9.06674256e-01  1.26466361e+00 -6.32954576e-01  6.32935524e-01 
 4.64716793e-09  8.12845681e-01  9.06753202e-01  1.26458269e+00 -6.32914074e-01  6.32895024e-01 
 4.65716793e-09  8.10218339e-01  9.06827459e-01  1.26450056e+00 -6.32872970e-01  6.32853921e-01 
 4.66716793e-09  8.07946823e-01  9.06894626e-01  1.26441723e+00 -6.32831266e-01  6.32812218e-01 
 4.67716793e-09  8.06040084e-01  9.06953921e-01  1.26433271e+00 -6.32788961e-01  6.32769915e-01 
 4.68716793e-09  8.04505632e-01  9.07006319e-01  1.26424698e+00 -6.32746058e-01  6.32727013e-01 
 4.69716793e-09  8.03349506e-01  9.07054322e-01  1.26416007e+00 -6.32702557e-01  6.32683513e-01 
 4.70716793e-09  8.02576256e-01  9.07101439e-01  1.26407196e+00 -6.32658460e-01  6.32639418e-01 
 4.71716793e-09  8.02188919e-01  9.07151480e-01  1.26398267e+00 -6.32613769e-01  6.32594728e-01 
 4.72716793e-09  8.02189011e-01  9.07207795e-01  1.26389219e+00 -6.32568486e-01  6.32549446e-01 
 4.73716793e-09  8.02576518e-01  9.07272621e-01  1.26380053e+00 -6.32522613e-01  6.32503575e-01 
 4.74716793e-09  8.03349899e-01  9.07346662e-01  1.26370770e+00 -6.32476152e-01  6.32457115e-01 
 4.75716793e-09  8.04506091e-01  9.07428971e-01  1.26361371e+00 -6.32429108e-01  6.32410072e-01 
 4.76716793e-09  8.06040520e-01  9.07517173e-01  1.26351855e+00 -6.32381482e-01  6.32362448e-01 
 4.77716793e-09  8.07947121e-01  9.07607951e-01  1.26342224e+00 -6.32333280e-01  6.32314247e-01 
 4.78716793e-09  8.10218362e-01  9.07697719e-01  1.26332479e+00 -6.32284506e-01  6.32265475e-01 
 4.79716793e-09  8.12845271e-01  9.07783338e-01  1.26322621e+00 -6.32235166e-01  6.32216136e-01 
 4.80716793e-09  8.15817474e-01  9.07862720e-01  1.26312650e+00 -6.32185264e-01  6.32166236e-01 
 4.81716793e-09  8.19123237e-01  9.07935227e-01  1.26302569e+00 -6.32134809e-01  6.32115782e-01 
 4.82716793e-09  8.22749509e-01  9.08001766e-01  1.26292378e+00 -6.32083804e-01  6.32064779e-01 
 4.83716793e-09  8.26681977e-01  9.08064586e-01  1.26282079e+00 -6.32032259e-01  6.32013235e-01 
 4.84716793e-09  8.30905120e-01  9.08126806e-01  1.26271673e+00 -6.31980178e-01  6.31961156e-01 
 4.85716793e-09  8.35402270e-01  9.08191785e-01  1.26261162e+00 -6.31927570e-01  6.31908550e-01 
 4.86716793e-09  8.40155682e-01  9.08262450e-01  1.26250547e+00 -6.31874443e-01  6.31855424e-01 
 4.87716793e-09  8.45146600e-01  9.08340727e-01  1.26239829e+00 -6.31820803e-01  6.31801785e-01 
 4.88716793e-09  8.50355330e-01  9.08427174e-01  1.26229011e+00 -6.31766659e-01  6.31747643e-01 
 4.89716793e-09  8.55761324e-01  9.08520895e-01  1.26218094e+00 -6.31712020e-01  6.31693006e-01 
 4.90716793e-09  8.61343254e-01  9.08619737e-01  1.26207080e+00 -6.31656896e-01  6.31637884e-01 
 4.91716793e-09  8.67079101e-01  9.08720736e-01  1.26195971e+00 -6.31601297e-01  6.31582286e-01 
 4.92716793e-09  8.72946241e-01  9.08820715e-01  1.26184770e+00 -6.31545233e-01  6.31526224e-01 
 4.93716793e-09  8.78921531e-01  9.08916909e-01  1.26173477e+00 -6.31488716e-01  6.31469709e-01 
 4.94716793e-09  8.84981405e-01  9.09007506e-01  1.26162097e+00 -6.31431758e-01  6.31412753e-01 
 4.95716793e-09  8.91101966e-01  9.09091981e-01  1.26150631e+00 -6.31374372e-01  6.31355368e-01 
 4.96716793e-09  8.97259078e-01  9.09171174e-01  1.26139082e+00 -6.31316570e-01  6.31297568e-01 
 4.97716793e-09  9.03428462e-01  9.09247100e-01  1.26127453e+00 -6.31258365e-01  6.31239365e-01 
 4.98716793e-09  9.09585795e-01  9.09322528e-01  1.26115745e+00 -6.31199771e-01  6.31180773e-01 
 4.99358396e-09  9.13518839e-01  9.08137097e-01  1.26108345e+00 -6.31162733e-01  6.31143736e-01 
 5.00000000e-09  9.17430705e-01  9.05819015e-01  1.26101329e+00 -6.31127617e-01  6.31108621e-01 
