 time            v(final_out)   
 0.00000000e+00  6.34724851e-01 
 1.00000000e-13  6.34724851e-01 
 2.00000000e-13  6.34724851e-01 
 4.00000000e-13  6.34724851e-01 
 8.00000000e-13  6.34724851e-01 
 1.60000000e-12  6.34724851e-01 
 3.20000000e-12  6.34724851e-01 
 6.40000000e-12  6.34724851e-01 
 1.17985661e-11  6.34724851e-01 
 1.94592112e-11  6.34724850e-01 
 2.71679251e-11  6.34724850e-01 
 3.71679251e-11  6.34724849e-01 
 4.71679251e-11  6.34724847e-01 
 5.71679251e-11  6.34724845e-01 
 6.71679251e-11  6.34724844e-01 
 7.71679251e-11  6.34724843e-01 
 8.71679251e-11  6.34724844e-01 
 9.71679251e-11  6.34724845e-01 
 1.07167925e-10  6.34724847e-01 
 1.17167925e-10  6.34724849e-01 
 1.27167925e-10  6.34724851e-01 
 1.37167925e-10  6.34724853e-01 
 1.47167925e-10  6.34724854e-01 
 1.57167925e-10  6.34724853e-01 
 1.67167925e-10  6.34724852e-01 
 1.77167925e-10  6.34724850e-01 
 1.87167925e-10  6.34724847e-01 
 1.97167925e-10  6.34724845e-01 
 2.07167925e-10  6.34724843e-01 
 2.17167925e-10  6.34724842e-01 
 2.27167925e-10  6.34724842e-01 
 2.37167925e-10  6.34724843e-01 
 2.47167925e-10  6.34724845e-01 
 2.57167925e-10  6.34724847e-01 
 2.67167925e-10  6.34724849e-01 
 2.77167925e-10  6.34724850e-01 
 2.87167925e-10  6.34724851e-01 
 2.97167925e-10  6.34724850e-01 
 3.07167925e-10  6.34724849e-01 
 3.17167925e-10  6.34724847e-01 
 3.27167925e-10  6.34724845e-01 
 3.37167925e-10  6.34724843e-01 
 3.47167925e-10  6.34724841e-01 
 3.57167925e-10  6.34724841e-01 
 3.67167925e-10  6.34724841e-01 
 3.77167925e-10  6.34724842e-01 
 3.87167925e-10  6.34724843e-01 
 3.97167925e-10  6.34724845e-01 
 4.07167925e-10  6.34724847e-01 
 4.17167925e-10  6.34724848e-01 
 4.27167925e-10  6.34724848e-01 
 4.37167925e-10  6.34724848e-01 
 4.47167925e-10  6.34724847e-01 
 4.57167925e-10  6.34724845e-01 
 4.67167925e-10  6.34724843e-01 
 4.77167925e-10  6.34724842e-01 
 4.87167925e-10  6.34724840e-01 
 4.97167925e-10  6.34724840e-01 
 5.07167925e-10  6.34724840e-01 
 5.17167925e-10  6.34724840e-01 
 5.27167925e-10  6.34724842e-01 
 5.37167925e-10  6.34724843e-01 
 5.47167925e-10  6.34724845e-01 
 5.57167925e-10  6.34724846e-01 
 5.67167925e-10  6.34724846e-01 
 5.77167925e-10  6.34724846e-01 
 5.87167925e-10  6.34724845e-01 
 5.97167925e-10  6.34724844e-01 
 6.07167925e-10  6.34724842e-01 
 6.17167925e-10  6.34724841e-01 
 6.27167925e-10  6.34724839e-01 
 6.37167925e-10  6.34724839e-01 
 6.47167925e-10  6.34724839e-01 
 6.57167925e-10  6.34724840e-01 
 6.67167925e-10  6.34724841e-01 
 6.77167925e-10  6.34724843e-01 
 6.87167925e-10  6.34724844e-01 
 6.97167925e-10  6.34724845e-01 
 7.07167925e-10  6.34724845e-01 
 7.17167925e-10  6.34724845e-01 
 7.27167925e-10  6.34724844e-01 
 7.37167925e-10  6.34724843e-01 
 7.47167925e-10  6.34724841e-01 
 7.57167925e-10  6.34724840e-01 
 7.67167925e-10  6.34724839e-01 
 7.77167925e-10  6.34724839e-01 
 7.87167925e-10  6.34724839e-01 
 7.97167925e-10  6.34724840e-01 
 8.07167925e-10  6.34724841e-01 
 8.17167925e-10  6.34724842e-01 
 8.27167925e-10  6.34724843e-01 
 8.37167925e-10  6.34724844e-01 
 8.47167925e-10  6.34724844e-01 
 8.57167925e-10  6.34724844e-01 
 8.67167925e-10  6.34724843e-01 
 8.77167925e-10  6.34724842e-01 
 8.87167925e-10  6.34724841e-01 
 8.97167925e-10  6.34724840e-01 
 9.07167925e-10  6.34724839e-01 
 9.17167925e-10  6.34724839e-01 
 9.27167925e-10  6.34724839e-01 
 9.37167925e-10  6.34724840e-01 
 9.47167925e-10  6.34724841e-01 
 9.57167925e-10  6.34724842e-01 
 9.67167925e-10  6.34724843e-01 
 9.77167925e-10  6.34724844e-01 
 9.87167925e-10  6.34724844e-01 
 9.97167925e-10  6.34724844e-01 
 1.00716793e-09  6.34724843e-01 
 1.01716793e-09  6.34724842e-01 
 1.02716793e-09  6.34724841e-01 
 1.03716793e-09  6.34724840e-01 
 1.04716793e-09  6.34724839e-01 
 1.05716793e-09  6.34724839e-01 
 1.06716793e-09  6.34724839e-01 
 1.07716793e-09  6.34724840e-01 
 1.08716793e-09  6.34724841e-01 
 1.09716793e-09  6.34724842e-01 
 1.10716793e-09  6.34724843e-01 
 1.11716793e-09  6.34724843e-01 
 1.12716793e-09  6.34724844e-01 
 1.13716793e-09  6.34724843e-01 
 1.14716793e-09  6.34724843e-01 
 1.15716793e-09  6.34724842e-01 
 1.16716793e-09  6.34724841e-01 
 1.17716793e-09  6.34724840e-01 
 1.18716793e-09  6.34724840e-01 
 1.19716793e-09  6.34724839e-01 
 1.20716793e-09  6.34724840e-01 
 1.21716793e-09  6.34724840e-01 
 1.22716793e-09  6.34724841e-01 
 1.23716793e-09  6.34724842e-01 
 1.24716793e-09  6.34724843e-01 
 1.25716793e-09  6.34724843e-01 
 1.26716793e-09  6.34724844e-01 
 1.27716793e-09  6.34724843e-01 
 1.28716793e-09  6.34724843e-01 
 1.29716793e-09  6.34724842e-01 
 1.30716793e-09  6.34724841e-01 
 1.31716793e-09  6.34724841e-01 
 1.32716793e-09  6.34724840e-01 
 1.33716793e-09  6.34724840e-01 
 1.34716793e-09  6.34724840e-01 
 1.35716793e-09  6.34724841e-01 
 1.36716793e-09  6.34724841e-01 
 1.37716793e-09  6.34724842e-01 
 1.38716793e-09  6.34724843e-01 
 1.39716793e-09  6.34724843e-01 
 1.40716793e-09  6.34724844e-01 
 1.41716793e-09  6.34724843e-01 
 1.42716793e-09  6.34724843e-01 
 1.43716793e-09  6.34724842e-01 
 1.44716793e-09  6.34724842e-01 
 1.45716793e-09  6.34724841e-01 
 1.46716793e-09  6.34724840e-01 
 1.47716793e-09  6.34724840e-01 
 1.48716793e-09  6.34724841e-01 
 1.49716793e-09  6.34724841e-01 
 1.50716793e-09  6.34724842e-01 
 1.51716793e-09  6.34724842e-01 
 1.52716793e-09  6.34724843e-01 
 1.53716793e-09  6.34724843e-01 
 1.54716793e-09  6.34724844e-01 
 1.55716793e-09  6.34724843e-01 
 1.56716793e-09  6.34724843e-01 
 1.57716793e-09  6.34724842e-01 
 1.58716793e-09  6.34724842e-01 
 1.59716793e-09  6.34724841e-01 
 1.60716793e-09  6.34724841e-01 
 1.61716793e-09  6.34724841e-01 
 1.62716793e-09  6.34724841e-01 
 1.63716793e-09  6.34724841e-01 
 1.64716793e-09  6.34724842e-01 
 1.65716793e-09  6.34724842e-01 
 1.66716793e-09  6.34724843e-01 
 1.67716793e-09  6.34724843e-01 
 1.68716793e-09  6.34724844e-01 
 1.69716793e-09  6.34724843e-01 
 1.70716793e-09  6.34724843e-01 
 1.71716793e-09  6.34724842e-01 
 1.72716793e-09  6.34724842e-01 
 1.73716793e-09  6.34724841e-01 
 1.74716793e-09  6.34724841e-01 
 1.75716793e-09  6.34724841e-01 
 1.76716793e-09  6.34724841e-01 
 1.77716793e-09  6.34724841e-01 
 1.78716793e-09  6.34724842e-01 
 1.79716793e-09  6.34724842e-01 
 1.80716793e-09  6.34724843e-01 
 1.81716793e-09  6.34724843e-01 
 1.82716793e-09  6.34724843e-01 
 1.83716793e-09  6.34724843e-01 
 1.84716793e-09  6.34724843e-01 
 1.85716793e-09  6.34724842e-01 
 1.86716793e-09  6.34724841e-01 
 1.87716793e-09  6.34724841e-01 
 1.88716793e-09  6.34724841e-01 
 1.89716793e-09  6.34724840e-01 
 1.90716793e-09  6.34724840e-01 
 1.91716793e-09  6.34724841e-01 
 1.92716793e-09  6.34724841e-01 
 1.93716793e-09  6.34724841e-01 
 1.94716793e-09  6.34724842e-01 
 1.95716793e-09  6.34724842e-01 
 1.96716793e-09  6.34724842e-01 
 1.97716793e-09  6.34724842e-01 
 1.98716793e-09  6.34724841e-01 
 1.99716793e-09  6.34724840e-01 
 2.00716793e-09  6.34724840e-01 
 2.01716793e-09  6.34724839e-01 
 2.02716793e-09  6.34724839e-01 
 2.03716793e-09  6.34724838e-01 
 2.04716793e-09  6.34724838e-01 
 2.05716793e-09  6.34724838e-01 
 2.06716793e-09  6.34724838e-01 
 2.07716793e-09  6.34724838e-01 
 2.08716793e-09  6.34724838e-01 
 2.09716793e-09  6.34724838e-01 
 2.10716793e-09  6.34724838e-01 
 2.11716793e-09  6.34724837e-01 
 2.12716793e-09  6.34724836e-01 
 2.13716793e-09  6.34724835e-01 
 2.14716793e-09  6.34724834e-01 
 2.15716793e-09  6.34724833e-01 
 2.16716793e-09  6.34724832e-01 
 2.17716793e-09  6.34724831e-01 
 2.18716793e-09  6.34724830e-01 
 2.19716793e-09  6.34724829e-01 
 2.20716793e-09  6.34724828e-01 
 2.21716793e-09  6.34724828e-01 
 2.22716793e-09  6.34724827e-01 
 2.23716793e-09  6.34724825e-01 
 2.24716793e-09  6.34724824e-01 
 2.25716793e-09  6.34724822e-01 
 2.26716793e-09  6.34724820e-01 
 2.27716793e-09  6.34724818e-01 
 2.28716793e-09  6.34724815e-01 
 2.29716793e-09  6.34724813e-01 
 2.30716793e-09  6.34724810e-01 
 2.31716793e-09  6.34724807e-01 
 2.32716793e-09  6.34724805e-01 
 2.33716793e-09  6.34724802e-01 
 2.34716793e-09  6.34724799e-01 
 2.35716793e-09  6.34724795e-01 
 2.36716793e-09  6.34724792e-01 
 2.37716793e-09  6.34724788e-01 
 2.38716793e-09  6.34724783e-01 
 2.39716793e-09  6.34724779e-01 
 2.40716793e-09  6.34724773e-01 
 2.41716793e-09  6.34724767e-01 
 2.42716793e-09  6.34724761e-01 
 2.43716793e-09  6.34724754e-01 
 2.44716793e-09  6.34724747e-01 
 2.45716793e-09  6.34724740e-01 
 2.46716793e-09  6.34724732e-01 
 2.47716793e-09  6.34724724e-01 
 2.48716793e-09  6.34724715e-01 
 2.49716793e-09  6.34724706e-01 
 2.50716793e-09  6.34724696e-01 
 2.51716793e-09  6.34724685e-01 
 2.52716793e-09  6.34724673e-01 
 2.53716793e-09  6.34724660e-01 
 2.54716793e-09  6.34724646e-01 
 2.55716793e-09  6.34724631e-01 
 2.56716793e-09  6.34724616e-01 
 2.57716793e-09  6.34724599e-01 
 2.58716793e-09  6.34724581e-01 
 2.59716793e-09  6.34724562e-01 
 2.60716793e-09  6.34724542e-01 
 2.61716793e-09  6.34724521e-01 
 2.62716793e-09  6.34724498e-01 
 2.63716793e-09  6.34724474e-01 
 2.64716793e-09  6.34724448e-01 
 2.65716793e-09  6.34724421e-01 
 2.66716793e-09  6.34724391e-01 
 2.67716793e-09  6.34724360e-01 
 2.68716793e-09  6.34724327e-01 
 2.69716793e-09  6.34724291e-01 
 2.70716793e-09  6.34724253e-01 
 2.71716793e-09  6.34724213e-01 
 2.72716793e-09  6.34724170e-01 
 2.73716793e-09  6.34724125e-01 
 2.74716793e-09  6.34724077e-01 
 2.75716793e-09  6.34724027e-01 
 2.76716793e-09  6.34723973e-01 
 2.77716793e-09  6.34723916e-01 
 2.78716793e-09  6.34723856e-01 
 2.79716793e-09  6.34723791e-01 
 2.80716793e-09  6.34723723e-01 
 2.81716793e-09  6.34723651e-01 
 2.82716793e-09  6.34723575e-01 
 2.83716793e-09  6.34723494e-01 
 2.84716793e-09  6.34723408e-01 
 2.85716793e-09  6.34723317e-01 
 2.86716793e-09  6.34723222e-01 
 2.87716793e-09  6.34723120e-01 
 2.88716793e-09  6.34723014e-01 
 2.89716793e-09  6.34722901e-01 
 2.90716793e-09  6.34722782e-01 
 2.91716793e-09  6.34722656e-01 
 2.92716793e-09  6.34722523e-01 
 2.93716793e-09  6.34722383e-01 
 2.94716793e-09  6.34722235e-01 
 2.95716793e-09  6.34722079e-01 
 2.96716793e-09  6.34721914e-01 
 2.97716793e-09  6.34721741e-01 
 2.98716793e-09  6.34721558e-01 
 2.99716793e-09  6.34721365e-01 
 3.00716793e-09  6.34721162e-01 
 3.01716793e-09  6.34720949e-01 
 3.02716793e-09  6.34720724e-01 
 3.03716793e-09  6.34720488e-01 
 3.04716793e-09  6.34720240e-01 
 3.05716793e-09  6.34719978e-01 
 3.06716793e-09  6.34719704e-01 
 3.07716793e-09  6.34719415e-01 
 3.08716793e-09  6.34719111e-01 
 3.09716793e-09  6.34718792e-01 
 3.10716793e-09  6.34718457e-01 
 3.11716793e-09  6.34718105e-01 
 3.12716793e-09  6.34717736e-01 
 3.13716793e-09  6.34717348e-01 
 3.14716793e-09  6.34716942e-01 
 3.15716793e-09  6.34716516e-01 
 3.16716793e-09  6.34716069e-01 
 3.17716793e-09  6.34715601e-01 
 3.18716793e-09  6.34715110e-01 
 3.19716793e-09  6.34714596e-01 
 3.20716793e-09  6.34714058e-01 
 3.21716793e-09  6.34713494e-01 
 3.22716793e-09  6.34712903e-01 
 3.23716793e-09  6.34712285e-01 
 3.24716793e-09  6.34711638e-01 
 3.25716793e-09  6.34710962e-01 
 3.26716793e-09  6.34710254e-01 
 3.27716793e-09  6.34709515e-01 
 3.28716793e-09  6.34708742e-01 
 3.29716793e-09  6.34707934e-01 
 3.30716793e-09  6.34707090e-01 
 3.31716793e-09  6.34706209e-01 
 3.32716793e-09  6.34705289e-01 
 3.33716793e-09  6.34704328e-01 
 3.34716793e-09  6.34703325e-01 
 3.35716793e-09  6.34702279e-01 
 3.36716793e-09  6.34701187e-01 
 3.37716793e-09  6.34700048e-01 
 3.38716793e-09  6.34698861e-01 
 3.39716793e-09  6.34697623e-01 
 3.40716793e-09  6.34696333e-01 
 3.41716793e-09  6.34694989e-01 
 3.42716793e-09  6.34693589e-01 
 3.43716793e-09  6.34692131e-01 
 3.44716793e-09  6.34690613e-01 
 3.45716793e-09  6.34689033e-01 
 3.46716793e-09  6.34687389e-01 
 3.47716793e-09  6.34685678e-01 
 3.48716793e-09  6.34683898e-01 
 3.49716793e-09  6.34682047e-01 
 3.50716793e-09  6.34680122e-01 
 3.51716793e-09  6.34678121e-01 
 3.52716793e-09  6.34676042e-01 
 3.53716793e-09  6.34673881e-01 
 3.54716793e-09  6.34671636e-01 
 3.55716793e-09  6.34669305e-01 
 3.56716793e-09  6.34666885e-01 
 3.57716793e-09  6.34664372e-01 
 3.58716793e-09  6.34661765e-01 
 3.59716793e-09  6.34659059e-01 
 3.60716793e-09  6.34656253e-01 
 3.61716793e-09  6.34653342e-01 
 3.62716793e-09  6.34650324e-01 
 3.63716793e-09  6.34647194e-01 
 3.64716793e-09  6.34643951e-01 
 3.65716793e-09  6.34640590e-01 
 3.66716793e-09  6.34637107e-01 
 3.67716793e-09  6.34633501e-01 
 3.68716793e-09  6.34629765e-01 
 3.69716793e-09  6.34625898e-01 
 3.70716793e-09  6.34621896e-01 
 3.71716793e-09  6.34617754e-01 
 3.72716793e-09  6.34613468e-01 
 3.73716793e-09  6.34609035e-01 
 3.74716793e-09  6.34604450e-01 
 3.75716793e-09  6.34599710e-01 
 3.76716793e-09  6.34594809e-01 
 3.77716793e-09  6.34589744e-01 
 3.78716793e-09  6.34584510e-01 
 3.79716793e-09  6.34579103e-01 
 3.80716793e-09  6.34573518e-01 
 3.81716793e-09  6.34567750e-01 
 3.82716793e-09  6.34561795e-01 
 3.83716793e-09  6.34555648e-01 
 3.84716793e-09  6.34549305e-01 
 3.85716793e-09  6.34542760e-01 
 3.86716793e-09  6.34536009e-01 
 3.87716793e-09  6.34529046e-01 
 3.88716793e-09  6.34521867e-01 
 3.89716793e-09  6.34514465e-01 
 3.90716793e-09  6.34506836e-01 
 3.91716793e-09  6.34498974e-01 
 3.92716793e-09  6.34490874e-01 
 3.93716793e-09  6.34482530e-01 
 3.94716793e-09  6.34473937e-01 
 3.95716793e-09  6.34465089e-01 
 3.96716793e-09  6.34455981e-01 
 3.97716793e-09  6.34446607e-01 
 3.98716793e-09  6.34436961e-01 
 3.99716793e-09  6.34427037e-01 
 4.00716793e-09  6.34416831e-01 
 4.01716793e-09  6.34406334e-01 
 4.02716793e-09  6.34395543e-01 
 4.03716793e-09  6.34384449e-01 
 4.04716793e-09  6.34373048e-01 
 4.05716793e-09  6.34361333e-01 
 4.06716793e-09  6.34349297e-01 
 4.07716793e-09  6.34336935e-01 
 4.08716793e-09  6.34324240e-01 
 4.09716793e-09  6.34311206e-01 
 4.10716793e-09  6.34297827e-01 
 4.11716793e-09  6.34284097e-01 
 4.12716793e-09  6.34270009e-01 
 4.13716793e-09  6.34255558e-01 
 4.14716793e-09  6.34240735e-01 
 4.15716793e-09  6.34225536e-01 
 4.16716793e-09  6.34209954e-01 
 4.17716793e-09  6.34193982e-01 
 4.18716793e-09  6.34177613e-01 
 4.19716793e-09  6.34160841e-01 
 4.20716793e-09  6.34143659e-01 
 4.21716793e-09  6.34126062e-01 
 4.22716793e-09  6.34108042e-01 
 4.23716793e-09  6.34089594e-01 
 4.24716793e-09  6.34070710e-01 
 4.25716793e-09  6.34051386e-01 
 4.26716793e-09  6.34031615e-01 
 4.27716793e-09  6.34011391e-01 
 4.28716793e-09  6.33990707e-01 
 4.29716793e-09  6.33969557e-01 
 4.30716793e-09  6.33947936e-01 
 4.31716793e-09  6.33925836e-01 
 4.32716793e-09  6.33903252e-01 
 4.33716793e-09  6.33880177e-01 
 4.34716793e-09  6.33856607e-01 
 4.35716793e-09  6.33832534e-01 
 4.36716793e-09  6.33807953e-01 
 4.37716793e-09  6.33782860e-01 
 4.38716793e-09  6.33757248e-01 
 4.39716793e-09  6.33731113e-01 
 4.40716793e-09  6.33704450e-01 
 4.41716793e-09  6.33677253e-01 
 4.42716793e-09  6.33649518e-01 
 4.43716793e-09  6.33621240e-01 
 4.44716793e-09  6.33592413e-01 
 4.45716793e-09  6.33563033e-01 
 4.46716793e-09  6.33533096e-01 
 4.47716793e-09  6.33502597e-01 
 4.48716793e-09  6.33471531e-01 
 4.49716793e-09  6.33439896e-01 
 4.50716793e-09  6.33407686e-01 
 4.51716793e-09  6.33374900e-01 
 4.52716793e-09  6.33341534e-01 
 4.53716793e-09  6.33307585e-01 
 4.54716793e-09  6.33273051e-01 
 4.55716793e-09  6.33237929e-01 
 4.56716793e-09  6.33202216e-01 
 4.57716793e-09  6.33165910e-01 
 4.58716793e-09  6.33129010e-01 
 4.59716793e-09  6.33091513e-01 
 4.60716793e-09  6.33053417e-01 
 4.61716793e-09  6.33014721e-01 
 4.62716793e-09  6.32975423e-01 
 4.63716793e-09  6.32935524e-01 
 4.64716793e-09  6.32895024e-01 
 4.65716793e-09  6.32853921e-01 
 4.66716793e-09  6.32812218e-01 
 4.67716793e-09  6.32769915e-01 
 4.68716793e-09  6.32727013e-01 
 4.69716793e-09  6.32683513e-01 
 4.70716793e-09  6.32639418e-01 
 4.71716793e-09  6.32594728e-01 
 4.72716793e-09  6.32549446e-01 
 4.73716793e-09  6.32503575e-01 
 4.74716793e-09  6.32457115e-01 
 4.75716793e-09  6.32410072e-01 
 4.76716793e-09  6.32362448e-01 
 4.77716793e-09  6.32314247e-01 
 4.78716793e-09  6.32265475e-01 
 4.79716793e-09  6.32216136e-01 
 4.80716793e-09  6.32166236e-01 
 4.81716793e-09  6.32115782e-01 
 4.82716793e-09  6.32064779e-01 
 4.83716793e-09  6.32013235e-01 
 4.84716793e-09  6.31961156e-01 
 4.85716793e-09  6.31908550e-01 
 4.86716793e-09  6.31855424e-01 
 4.87716793e-09  6.31801785e-01 
 4.88716793e-09  6.31747643e-01 
 4.89716793e-09  6.31693006e-01 
 4.90716793e-09  6.31637884e-01 
 4.91716793e-09  6.31582286e-01 
 4.92716793e-09  6.31526224e-01 
 4.93716793e-09  6.31469709e-01 
 4.94716793e-09  6.31412753e-01 
 4.95716793e-09  6.31355368e-01 
 4.96716793e-09  6.31297568e-01 
 4.97716793e-09  6.31239365e-01 
 4.98716793e-09  6.31180773e-01 
 4.99358396e-09  6.31143736e-01 
 5.00000000e-09  6.31108621e-01 
